type : "regional"
nx : 451
ny : 337
dx : 13545.0
dy : 13545.0
lonlat(xmin,ymin): [-126.138,16.281]
projection :  
    type : "lambert_conformal_conic"
    latitude0  : 25.0
    longitude0 : -95.0
y_numbering : +1


check : 
  size : 151987
  lonlat(first) : [-126.138,16.281]
  lonlat(last)  : [-57.3811,55.4813]
  uid : b185c7c56b3a1abaa5bf23b35ed12661
  bounding_box(n,w,s,e) : [58.365355,-139.856122,16.281,-57.381070]
  xmin : -3332155.29
  ymin : -588892.76
